!This file is for specifying the multivariate t distribution parameters for
!direct perturbation of species energies in a thermodynamically consistent
!fashion.
!
!Number of species -- must be the same as the number specified in SA.inp.
!The order is also assumed to be the same as in the SA.inp species block.
52
!
!Degrees of freedom for multivariate t distribution -- should be 2 unless
!the total number of sampled DFT functionals is larger than the number of
!species.
2
!
!Vector of means (kcal/mol)
-0.44019 -0.22391 3.9285 -0.051278 1.4504 2.9323 3.7523 3.9055 4.4395 3.683 6.03 6.8007 -1.6629 1.0844 2.0125 0.66136 1.0291 1.7527 2.4086 3.0502 3.7598 2.8791 2.9371 4.5835 0.49874 2.2675 1.7205 2.505 3.3696 5.9033 4.9347 6.6203 6.2415 1.5472 1.6476 0.38914 -0.23504 0.76453 2.8933 3.7838 0.060233 1.5029 1.2993 3.5682 0.6396 3.0786 3.8835 6.6218 1.5664 1.4731 2.2603 0.18625
!
!Covariance matrix ((kcal/mol)**2) -- must be symmetric, positive definite!
97.774 68.265 85.416 65.655 69.349 82.039 80.551 85.05 78.615 85.993 85.695 89.19 61.681 66.598 74.689 76.249 69.58 67.454 85.727 86.634 79.07 91.579 80.054 84.631 66.714 81.363 88.484 67.957 78.508 81.06 74.992 87.385 91.279 72.334 68.582 50.983 54.267 65.939 79.854 77.161 63.817 61.106 63.59 60.634 62.314 78.251 88.61 90.881 54.584 63.091 80.004 58.591
68.265 129.52 98.688 75.496 79.857 94.764 93.038 98.374 90.925 99.451 99.322 103.56 70.793 76.693 86.181 87.759 80.152 77.732 99 100.23 91.457 105.89 92.531 98.101 76.804 94.02 102.26 78.366 90.764 93.921 86.785 101.43 106.01 83.499 79.093 58.532 62.285 75.928 92.338 89.293 73.484 70.421 73.279 70.124 71.76 90.576 102.7 105.75 62.877 72.885 92.839 67.544
85.416 98.688 207.92 95.271 102.76 124.06 122.02 130.67 121.26 131.24 133.95 142.07 87.529 98.931 112.68 111.41 102.98 100.44 128.41 132.82 121.48 138.53 121.67 132.1 98.223 123.87 130.32 102.64 119.66 126.93 116.61 138.85 145.2 109.07 102.78 75.591 78.485 96.847 121.39 117.7 93.345 90.534 94.253 93.157 91.354 120.22 134.96 145.61 81.162 94.535 123.61 86.191
65.655 75.496 95.271 123.46 76.608 91.147 90.036 94.654 87.729 96.512 96.292 100.31 68.284 73.425 82.861 84.513 77.133 74.972 95.499 96.615 88.368 102.31 90.007 95.308 74.161 90.91 99.087 75.503 87.508 91.149 83.867 98.27 102.85 80.691 76.686 57.178 60.406 73.505 89.552 86.886 71.046 67.908 71.363 68.47 69.771 88.121 99.997 103.49 61.226 70.999 90.298 66.311
69.349 79.857 102.76 76.608 128.71 98.846 96.297 103.51 95.599 102.84 104.32 110.12 70.988 79.874 89.913 89.636 82.614 80.189 102.13 104.94 95.657 109.52 95.143 102.58 78.551 97.691 103.5 81.683 94.764 98.674 91.477 107.68 112.26 86.36 81.211 59.395 62.795 77.215 95.349 91.874 74.644 72.395 74.259 72.274 72.405 93.654 105.23 110.85 63.934 74.131 96.03 67.265
82.039 94.764 124.06 91.147 98.846 185.36 116.23 125.19 115.82 124.67 127.3 135.1 83.898 95.373 108.09 106.78 98.771 96.081 122.82 127.05 115.91 132.24 115.32 125.32 93.9 118.13 124.27 98.23 114.46 120.48 111.18 132.02 137.87 104.13 97.78 71.32 74.712 92.353 115.45 111.56 89.188 86.699 89.298 87.989 86.746 113.96 127.93 137.14 76.92 89.614 117.34 81.046
80.551 93.038 122.02 90.036 96.297 116.23 189.39 122.17 113.6 123.73 125.78 132.91 82.91 92.475 105.51 104.99 96.775 94.516 120.8 124.38 113.99 130.31 114.99 124.23 92.634 116.4 123.51 96.274 112.22 119.24 109.25 129.97 136.03 102.57 97.04 71.837 74.474 91.616 114.46 111.28 88.24 85.258 89.506 88.222 86.78 113.46 127.77 137.28 77.034 89.679 116.55 82.566
85.05 98.374 130.67 94.654 103.51 125.19 122.17 200.93 122.53 131.26 135.02 144.19 86.552 100.07 113.78 111.15 103.31 100.59 128.74 134.26 122.45 138.99 121.21 132.87 97.986 124.5 129.23 103.38 120.67 127.86 117.88 140.79 147.07 109.46 102.47 74.498 77.474 96.175 121.43 117.32 92.822 90.64 93.111 92.702 90.168 120.2 134.34 146.24 80.309 93.735 123.99 84.049
78.615 90.925 121.26 87.729 95.599 115.82 113.6 122.53 176.1 122.17 125.68 134.06 80.028 92.171 105.17 102.86 95.543 93.329 119.24 124.23 113.69 128.82 112.99 123.68 90.827 115.49 120.01 95.836 111.83 119.12 109.57 130.94 136.73 101.44 95.347 69.837 72.119 89.362 112.93 109.39 86.032 83.961 86.943 86.785 84.04 111.98 125.23 136.68 75.04 87.393 115.13 79.004
85.993 99.451 131.24 96.512 102.84 124.67 123.73 131.26 122.17 222.75 136.01 143.94 88.781 98.752 113.16 112.4 103.68 101.35 129.86 133.96 122.81 140.44 124.47 134.7 99.46 125.52 133.1 103.28 120.65 129.01 117.72 140.7 147.62 110.53 104.6 77.643 80.021 98.5 123.64 120.52 94.877 91.484 96.689 95.693 93.605 123 138.54 150.09 83.164 97.149 126.8 89.645
85.695 99.322 133.95 96.292 104.32 127.3 125.78 135.02 125.68 136.01 221.23 149.68 87.607 100.5 115.51 112.7 104.77 102.57 131.55 137.36 125.89 142.69 126.11 138.36 99.952 127.97 133.03 105.39 123.43 132.93 121.42 146.14 153.13 112.27 105.67 77.712 79.497 98.63 125.61 122.29 94.904 92.39 96.773 97.319 93.288 125.26 140.22 154.96 83.49 97.692 129.37 88.739
89.19 103.56 142.07 100.31 110.12 135.1 132.91 144.19 134.06 143.94 149.68 241.99 90.547 106.49 122.68 117.88 110.33 108 138.79 146.49 134.03 151 133.08 147.7 104.79 135.84 138.71 111.75 131.18 142.04 129.8 157.25 164.79 118.85 111.19 81.144 82.492 103.01 132.82 129.1 99.155 97.167 101 102.82 97.047 132.79 147.79 166.2 87.277 102.45 137.66 91.691
61.681 70.793 87.529 68.284 70.988 83.898 82.91 86.552 80.028 88.781 87.607 90.547 110.29 68.02 76.352 78.948 71.65 69.417 88.449 88.623 80.892 94.494 83.021 86.95 69.104 83.65 92.647 69.461 80.348 82.851 76.287 88.776 93.074 74.595 70.989 53.083 56.674 68.597 82.532 80.063 66.499 63.118 66.438 62.838 65.259 80.974 92.35 93.763 56.88 65.983 83.151 62.048
66.598 76.693 98.931 73.425 79.874 95.373 92.475 100.07 92.171 98.752 100.5 106.49 68.02 116.37 86.872 86.092 79.566 77.047 98.301 101.46 92.2 105.47 91.208 98.823 75.446 94.142 99.022 78.725 91.389 95.015 88.231 104.08 108.57 83.254 77.883 56.584 59.987 73.943 91.594 88.068 71.643 69.658 70.864 69.137 69.119 89.963 100.8 106.72 61.05 70.957 92.655 63.676
74.689 86.181 112.68 82.861 89.913 108.09 105.51 113.78 105.17 113.16 115.51 122.68 76.352 86.872 151.87 97.062 89.832 87.294 111.55 115.51 105.27 120.11 104.67 113.79 85.39 107.39 112.59 89.32 103.96 109.35 100.96 119.87 125.24 94.71 88.828 64.886 67.951 83.887 104.79 101.17 81.08 78.794 81.038 79.774 78.742 103.45 115.89 124.39 69.811 81.307 106.58 73.381
76.249 87.759 111.41 84.513 89.636 106.78 104.99 111.15 102.86 112.4 112.7 117.88 78.948 86.092 97.062 162.94 89.98 87.391 111.45 113.24 103.4 119.45 104.56 111.31 86.192 106.15 114.86 88.306 102.44 106.63 98.333 115.41 120.66 94.123 89.086 65.875 69.741 85.211 104.27 100.94 82.388 79.098 82.439 79.389 80.555 102.5 116.08 120.66 70.771 82.131 105.14 75.959
69.58 80.152 102.98 77.133 82.614 98.771 96.775 103.31 95.543 103.68 104.77 110.33 71.65 79.566 89.832 89.98 132.87 80.385 102.56 105.09 95.872 110.12 96.203 103.37 79.011 98.15 104.74 81.67 94.862 99.148 91.508 107.92 112.79 86.831 81.869 60.241 63.487 77.893 96.125 92.938 75.315 72.689 75.298 73.202 73.413 94.668 106.67 112.43 64.752 75.254 97.302 68.869
67.454 77.732 100.44 74.972 80.189 96.081 94.516 100.59 93.329 101.35 102.57 108 69.417 77.047 87.294 87.391 80.385 127.67 99.785 102.27 93.592 107.23 94.126 101.15 76.851 95.669 102.04 79.569 92.436 97.14 89.482 105.65 110.36 84.52 79.947 59.126 61.897 75.902 93.891 90.97 73.213 70.696 73.682 71.923 71.69 92.625 104.39 110.48 63.413 73.575 94.921 67.711
85.727 99 128.41 95.499 102.13 122.82 120.8 128.74 119.24 129.86 131.55 138.79 88.449 98.301 111.55 111.45 102.56 99.785 208.43 131.17 119.77 137.56 120.6 129.97 98.029 122.53 130.85 101.45 118.27 124.53 114.43 135.71 142.1 108.27 102.08 74.994 78.661 96.814 120.31 116.7 93.557 90.276 94.035 92.021 91.497 118.89 134.21 142.72 80.839 94.327 122.64 86.401
86.634 100.23 132.82 96.615 104.94 127.05 124.38 134.26 124.23 133.96 137.36 146.49 88.623 101.46 115.51 113.24 105.09 102.27 131.17 211.21 124.47 141.76 123.98 135.57 99.941 126.85 132.4 104.91 122.59 130.09 119.59 143.05 149.79 111.66 104.58 76.245 79.266 98.255 123.96 120.01 94.945 92.344 95.391 94.802 92.432 122.92 137.67 149.84 82.185 96.193 127.26 86.625
79.07 91.457 121.48 88.368 95.657 115.91 113.99 122.45 113.69 122.81 125.89 134.03 80.892 92.2 105.27 103.4 95.872 93.592 119.77 124.47 179.69 129.46 113.8 124.2 91.37 115.92 121.23 95.896 111.99 119.33 109.5 130.93 136.98 101.95 95.909 70.42 72.785 90.04 113.57 110.19 86.783 84.364 87.782 87.374 84.932 112.73 126.36 137.61 75.678 88.328 116.22 80.208
91.579 105.89 138.53 102.31 109.52 132.24 130.31 138.99 128.82 140.44 142.69 151 94.494 105.47 120.11 119.45 110.12 107.23 137.56 141.76 129.46 242.04 130.48 141.16 105.29 132.38 140.75 109.24 127.6 135.14 123.86 147.59 154.75 116.84 110.05 80.846 84.339 104 130.04 126.32 100.49 97.014 101.33 99.75 98.41 128.88 145.33 156.04 87.127 101.93 133.3 93.212
80.054 92.531 121.67 90.007 95.143 115.32 114.99 121.21 112.99 124.47 126.11 133.08 83.021 91.208 104.67 104.56 96.203 94.126 120.6 123.98 113.8 130.48 197.92 125.17 92.612 116.53 124.38 95.652 111.72 119.68 108.9 130.14 136.73 102.74 97.5 72.843 74.936 91.942 115.1 112.46 88.551 85.046 90.576 89.412 87.712 114.65 129.41 139.87 77.861 90.958 118.22 84.597
84.631 98.101 132.1 95.308 102.58 125.32 124.23 132.87 123.68 134.7 138.36 147.7 86.95 98.823 113.79 111.31 103.37 101.15 129.97 135.57 124.2 141.16 125.17 219.72 98.893 126.56 132.04 103.79 121.66 131.32 119.58 144.21 151.48 111.13 104.66 77.273 78.901 97.72 124.42 121.35 94.129 91.265 96.177 96.595 92.74 124.34 139.35 154.2 82.88 97.234 128.83 88.699
66.714 76.804 98.223 74.161 78.551 93.9 92.634 97.986 90.827 99.46 99.952 104.79 69.104 75.446 85.39 86.192 79.011 76.851 98.029 99.941 91.37 105.29 92.612 98.893 126.25 93.786 100.96 77.78 90.305 94.658 87.02 102.57 107.39 83.055 78.676 58.465 61.39 74.988 92.203 89.443 72.456 69.54 72.879 70.6 71.062 90.972 102.8 108.01 62.603 72.736 93.431 67.386
81.363 94.02 123.87 90.91 97.691 118.13 116.4 124.5 115.49 125.52 127.97 135.84 83.65 94.142 107.39 106.15 98.15 95.669 122.53 126.85 115.92 132.38 116.53 126.56 93.786 190.48 124.59 97.762 114.07 121.29 111.16 132.73 139.12 104.32 98.249 72.447 75.029 92.506 116.11 112.71 89.273 86.355 90.239 89.24 87.454 115.26 129.35 140.15 77.65 90.705 118.96 82.79
88.484 102.26 130.32 99.087 103.5 124.27 123.51 129.23 120.01 133.1 133.03 138.71 92.647 99.022 112.59 114.86 104.74 102.04 130.85 132.4 121.23 140.75 124.38 132.04 100.96 124.59 239.9 102.57 119.83 125.89 115.02 135.9 142.63 110.55 105.09 77.867 82.144 100.53 123.55 120.6 97.184 92.743 98.283 95.079 95.966 122.12 139.8 145.55 84.305 98.578 126.25 92.393
67.957 78.366 102.64 75.503 81.683 98.23 96.274 103.38 95.836 103.28 105.39 111.75 69.461 78.725 89.32 88.306 81.67 79.569 101.45 104.91 95.896 109.24 95.652 103.79 77.78 97.762 102.57 127.75 94.583 99.847 92.056 109.23 114.05 86.155 81.119 59.677 62.155 76.556 95.584 92.446 73.829 71.711 74.227 73.154 72.028 94.45 105.81 113.67 63.984 74.305 96.911 67.555
78.508 90.764 119.66 87.508 94.764 114.46 112.22 120.67 111.83 120.65 123.43 131.18 80.348 91.389 103.96 102.44 94.862 92.436 118.27 122.59 111.99 127.6 111.72 121.66 90.305 114.07 119.83 94.583 173.38 116.9 107.55 128.17 134 100.46 94.416 69.045 71.898 88.932 111.67 108.18 85.822 83.422 86.36 85.547 83.741 110.55 124.12 134.04 74.435 86.845 114.01 78.709
81.06 93.921 126.93 91.149 98.674 120.48 119.24 127.86 119.12 129.01 132.93 142.04 82.851 95.015 109.35 106.63 99.148 97.14 124.53 130.09 119.33 135.14 119.68 131.32 94.658 121.29 125.89 99.847 116.9 199.68 115.16 138.69 145.34 106.38 100.21 73.922 75.382 93.444 119.1 116.03 89.853 87.459 91.84 92.471 88.463 118.88 132.97 147.3 79.257 92.672 122.66 84.333
74.992 86.785 116.61 83.867 91.477 111.18 109.25 117.88 109.57 117.72 121.42 129.8 76.287 88.231 100.96 98.333 91.508 89.482 114.43 119.59 109.5 123.86 108.9 119.58 87.02 111.16 115.02 92.056 107.55 115.16 162.96 126.75 132.47 97.547 91.652 67.2 69.038 85.641 108.76 105.5 82.415 80.51 83.567 83.871 80.634 108.11 120.74 132.85 72.183 84.168 111.3 76.017
87.385 101.43 138.85 98.27 107.68 132.02 129.97 140.79 130.94 140.7 146.14 157.25 88.776 104.08 119.87 115.41 107.92 105.65 135.71 143.05 130.93 147.59 130.14 144.21 102.57 132.73 135.9 109.23 128.17 138.69 126.75 231.9 160.73 116.18 108.79 79.501 80.874 100.88 129.85 126.24 97.084 95.074 98.923 100.55 95.092 129.77 144.61 162.15 85.495 100.28 134.43 89.959
91.279 106.01 145.2 102.85 112.26 137.87 136.03 147.07 136.73 147.62 153.13 164.79 93.074 108.57 125.24 120.66 112.79 110.36 142.1 149.79 136.98 154.75 136.73 151.48 107.39 139.12 142.63 114.05 134 145.34 132.47 160.73 256.97 121.83 114.03 83.438 84.762 105.71 136.24 132.66 101.85 99.462 103.9 105.63 99.876 136.42 152.06 171.06 89.699 105.53 141.83 94.79
72.334 83.499 109.07 80.691 86.36 104.13 102.57 109.46 101.44 110.53 112.27 118.85 74.595 83.254 94.71 94.123 86.831 84.52 108.27 111.66 101.95 116.84 102.74 111.13 83.055 104.32 110.55 86.155 100.46 106.38 97.547 116.18 121.83 149.07 86.752 63.98 66.639 81.976 102.36 99.37 79.243 76.487 79.857 78.563 77.563 101.48 114.18 122.74 68.719 80.278 104.93 73.393
68.582 79.093 102.78 76.686 81.211 97.78 97.04 102.47 95.347 104.6 105.67 111.19 70.989 77.883 88.828 89.086 81.869 79.947 102.08 104.58 95.909 110.05 97.5 104.66 78.676 98.249 105.09 81.119 94.416 100.21 91.652 108.79 114.03 86.752 138.93 61.468 63.718 77.978 96.819 94.272 75.153 72.213 76.365 74.802 74.146 96.019 108.34 115.69 65.658 76.397 98.639 70.986
50.983 58.532 75.591 57.178 59.395 71.32 71.837 74.498 69.837 77.643 77.712 81.144 53.083 56.584 64.886 65.875 60.241 59.126 74.994 76.245 70.42 80.846 72.843 77.273 58.465 72.447 77.867 59.677 69.045 73.922 67.2 79.501 83.438 63.98 61.468 83.303 48.252 58.267 71.745 70.192 55.912 53.23 57.713 56.203 55.928 71.421 80.464 85.834 49.592 57.247 72.6 54.607
54.267 62.285 78.485 60.406 62.795 74.712 74.474 77.474 72.119 80.021 79.497 82.492 56.674 59.987 67.951 69.741 63.487 61.897 78.661 79.266 72.785 84.339 74.936 78.901 61.39 75.029 82.144 62.155 71.898 75.382 69.038 80.874 84.762 66.639 63.718 48.252 88.206 61.076 74.202 72.282 58.92 56.048 59.744 57.276 58.334 73.241 83.157 86.18 51.275 59.292 74.804 56.148
65.939 75.928 96.847 73.505 77.215 92.353 91.616 96.175 89.362 98.5 98.63 103.01 68.597 73.943 83.887 85.211 77.893 75.902 96.814 98.255 90.04 104 91.942 97.72 74.988 92.506 100.53 76.556 88.932 93.444 85.641 100.88 105.71 81.976 77.978 58.267 61.076 127.68 91.318 88.87 71.855 68.728 72.659 70.274 70.849 90.195 102.33 107.11 62.389 72.477 92.563 67.799
79.854 92.338 121.39 89.552 95.349 115.45 114.46 121.43 112.93 123.64 125.61 132.82 82.532 91.594 104.79 104.27 96.125 93.891 120.31 123.96 113.57 130.04 115.1 124.42 92.203 116.11 123.55 95.584 111.67 119.1 108.76 129.85 136.24 102.36 96.819 71.745 74.202 91.318 190.42 111.49 88.045 84.861 89.526 88.439 86.771 113.72 128.26 138.43 77.016 90.011 117.39 83.023
77.161 89.293 117.7 86.886 91.874 111.56 111.28 117.32 109.39 120.52 122.29 129.1 80.063 88.068 101.17 100.94 92.938 90.97 116.7 120.01 110.19 126.32 112.46 121.35 89.443 112.71 120.6 92.446 108.18 116.03 105.5 126.24 132.66 99.37 94.272 70.192 72.282 88.87 111.49 185.48 85.613 82.307 87.618 86.743 84.837 111.11 125.65 135.95 75.373 88.202 114.82 81.945
63.817 73.484 93.345 71.046 74.644 89.188 88.24 92.822 86.032 94.877 94.904 99.155 66.499 71.643 81.08 82.388 75.315 73.213 93.557 94.945 86.783 100.49 88.551 94.129 72.456 89.273 97.184 73.829 85.822 89.853 82.415 97.084 101.85 79.243 75.153 55.912 58.92 71.855 88.045 85.613 117.89 66.464 69.963 67.523 68.334 86.911 98.665 103.05 60.056 69.949 89.601 65.143
61.106 70.421 90.534 67.908 72.395 86.699 85.258 90.64 83.961 91.484 92.39 97.167 63.118 69.658 78.794 79.098 72.689 70.696 90.276 92.344 84.364 97.014 85.046 91.265 69.54 86.355 92.743 71.711 83.422 87.459 80.51 95.074 99.462 76.487 72.213 53.23 56.048 68.728 84.861 82.307 66.464 104.43 66.678 64.96 64.998 83.715 94.643 99.78 57.4 66.799 86.268 61.389
63.59 73.279 94.253 71.363 74.259 89.298 89.506 93.111 86.943 96.689 96.773 101 66.438 70.864 81.038 82.439 75.298 73.682 94.035 95.391 87.782 101.33 90.576 96.177 72.879 90.239 98.283 74.227 86.36 91.84 83.567 98.923 103.9 79.857 76.365 57.713 59.744 72.659 89.526 87.618 69.963 66.678 126.98 69.685 69.638 88.905 100.96 106.75 61.509 71.514 91.202 67.675
60.634 70.124 93.157 68.47 72.274 87.989 88.222 92.702 86.785 95.693 97.319 102.82 62.838 69.137 79.774 79.389 73.202 71.923 92.021 94.802 87.374 99.75 89.412 96.595 70.6 89.24 95.079 73.154 85.547 92.471 83.871 100.55 105.63 78.563 74.802 56.203 57.276 70.274 88.439 86.743 67.523 64.96 69.685 118.32 67.285 88.403 99.775 108.83 60.054 70.097 91.067 65.51
62.314 71.76 91.354 69.771 72.405 86.746 86.78 90.168 84.04 93.605 93.288 97.047 65.259 69.119 78.742 80.555 73.413 71.69 91.497 92.432 84.932 98.41 87.712 92.74 71.062 87.454 95.966 72.028 83.741 88.463 80.634 95.092 99.876 77.563 74.146 55.928 58.334 70.849 86.771 84.837 68.334 64.998 69.638 67.285 120.41 85.96 97.877 102.41 59.749 69.475 88.272 65.791
78.251 90.576 120.22 88.121 93.654 113.96 113.46 120.2 111.98 123 125.26 132.79 80.974 89.963 103.45 102.5 94.668 92.625 118.89 122.92 112.73 128.88 114.65 124.34 90.972 115.26 122.12 94.45 110.55 118.88 108.11 129.77 136.42 101.48 96.019 71.421 73.241 90.195 113.72 111.11 86.911 83.715 88.905 88.403 85.96 189.37 127.85 139.57 76.498 89.621 117.44 82.789
88.61 102.7 134.96 99.997 105.23 127.93 127.77 134.34 125.23 138.54 140.22 147.79 92.35 100.8 115.89 116.08 106.67 104.39 134.21 137.67 126.36 145.33 129.41 139.35 102.8 129.35 139.8 105.81 124.12 132.97 120.74 144.61 152.06 114.18 108.34 80.464 83.157 102.33 128.26 125.65 98.665 94.643 100.96 99.775 97.877 127.85 250.33 156.42 86.805 101.87 132.58 94.931
90.881 105.75 145.61 103.49 110.85 137.14 137.28 146.24 136.68 150.09 154.96 166.2 93.763 106.72 124.39 120.66 112.43 110.48 142.72 149.84 137.61 156.04 139.87 154.2 108.01 140.15 145.55 113.67 134.04 147.3 132.85 162.15 171.06 122.74 115.69 85.834 86.18 107.11 138.43 135.95 103.05 99.78 106.75 108.83 102.41 139.57 156.42 283.32 92.023 108.72 145.6 99.546
54.584 62.877 81.162 61.226 63.934 76.92 77.034 80.309 75.04 83.164 83.49 87.277 56.88 61.05 69.811 70.771 64.752 63.413 80.839 82.185 75.678 87.127 77.861 82.88 62.603 77.65 84.305 63.984 74.435 79.257 72.183 85.495 89.699 68.719 65.658 49.592 51.275 62.389 77.016 75.373 60.056 57.4 61.509 60.054 59.749 76.498 86.805 92.023 92.684 61.46 78.463 58.014
63.091 72.885 94.535 70.999 74.131 89.614 89.679 93.735 87.393 97.149 97.692 102.45 65.983 70.957 81.307 82.131 75.254 73.575 94.327 96.193 88.328 101.93 90.958 97.234 72.736 90.705 98.578 74.305 86.845 92.672 84.168 100.28 105.53 80.278 76.397 57.247 59.292 72.477 90.011 88.202 69.949 66.799 71.514 70.097 69.475 89.621 101.87 108.72 61.46 125.38 92.76 67.485
80.004 92.839 123.61 90.298 96.03 117.34 116.55 123.99 115.13 126.8 129.37 137.66 83.151 92.655 106.58 105.14 97.302 94.921 122.64 127.26 116.22 133.3 118.22 128.83 93.431 118.96 126.25 96.911 114.01 122.66 111.3 134.43 141.83 104.93 98.639 72.6 74.804 92.563 117.39 114.82 89.601 86.268 91.202 91.067 88.272 117.44 132.58 145.6 78.463 92.76 200.45 84.859
58.591 67.544 86.191 66.311 67.265 81.046 82.566 84.049 79.004 89.645 88.739 91.691 62.048 63.676 73.381 75.959 68.869 67.711 86.401 86.625 80.208 93.212 84.597 88.699 67.386 82.79 92.393 67.555 78.709 84.333 76.017 89.959 94.79 73.393 70.986 54.607 56.148 67.799 83.023 81.945 65.143 61.389 67.675 65.51 65.791 82.789 94.931 99.546 58.014 67.485 84.859 122.61
EOF
